   1.6000000000000000E-002   227.88464775637431       -399.95564019665028        300.00000000000000     
   3.2000000000000001E-002   262.71437067864787       -399.85186110499700        300.00000000000000     
   4.8000000000000001E-002   274.31095109863151       -399.70015067066998        300.00000000000000     
   6.4000000000000001E-002   271.57261348121125       -399.50559251765719        300.00000000000000     
   8.0000000000000002E-002   259.06394135659502       -399.27145922874297        300.00000000000000     
   9.6000000000000002E-002   240.28170529676123       -399.00015190541347        300.00000000000000     
  0.11200000000000000        218.12610481770255       -398.69356561312941        300.00000000000000     
  0.12800000000000000        194.90547318519074       -398.35326866699444        300.00000000000000     
  0.14400000000000002        172.29975735804990       -397.98060322207812        300.00000000000000     
  0.16000000000000000        151.38418349476350       -397.57674698056138        300.00000000000000     
  0.17599999999999999        132.71826787181573       -397.14275355256001        300.00000000000000     
  0.19200000000000000        116.47261205887789       -396.67958016400058        300.00000000000000     
  0.20800000000000002        102.56124961867319       -396.18810741164282        300.00000000000000     
  0.22400000000000000        90.755858618635415       -395.66915378202305        300.00000000000000     
  0.23999999999999999        80.770496320024918       -395.12348659059154        300.00000000000000     
  0.25600000000000001        72.315957826375069       -394.55183039572398        300.00000000000000     
  0.27200000000000002        65.129106471992387       -393.95487358403869        300.00000000000000     
  0.28800000000000003        58.984717717481956       -393.33327360126810        300.00000000000000     
  0.30399999999999999        53.696855348240383       -392.68766116028428        300.00000000000000     
  0.32000000000000001        49.115040982362473       -392.01864366352822        300.00000000000000     
  0.33600000000000002        45.118557980325313       -391.32680801304292        300.00000000000000     
  0.35199999999999998        41.610692431517002       -390.61272293682794        300.00000000000000     
  0.36799999999999999        38.513696884204997       -389.87694092870748        300.00000000000000     
  0.38400000000000001        35.764691354028997       -389.11999987615411        300.00000000000000     
  0.40000000000000002        33.312448075256967       -388.34242443382345        300.00000000000000     
  0.41600000000000004        31.114911830716391       -387.54472718813372        300.00000000000000     
  0.43200000000000000        29.137296969209810       -386.72740964885520        300.00000000000000     
  0.44800000000000001        27.350623929547602       -385.89096309651933        300.00000000000000     
  0.46400000000000002        25.730587167810850       -385.03586930893283        300.00000000000000     
  0.47999999999999998        24.256672806820038       -384.16260118577014        300.00000000000000     
  0.49600000000000000        22.911465341226243       -383.27162328682454        300.00000000000000     
  0.51200000000000001        21.680098504758885       -382.36339229679743        300.00000000000000     
  0.52800000000000002        20.549816964421062       -381.43835742734586        300.00000000000000     
  0.54400000000000004        19.509623920025334       -380.49696076536088        300.00000000000000     
  0.56000000000000005        18.549995825678426       -379.53963757503203        300.00000000000000     
  0.57600000000000007        17.662649956849936       -378.56681656008971        300.00000000000000     
  0.59199999999999997        16.840353882830744       -377.57892009166068        300.00000000000000     
  0.60799999999999998        16.076768394950911       -376.57636440637867        300.00000000000000     
  0.62400000000000000        15.366317315835019       -375.55955977873009        300.00000000000000     
  0.64000000000000001        14.704079037780048       -374.52891067106191        300.00000000000000     
  0.65600000000000003        14.085695726325110       -373.48481586421070        300.00000000000000     
  0.67200000000000004        13.507296963067851       -372.42766857131926        300.00000000000000     
  0.68800000000000006        12.965435251648911       -371.35785653706915        300.00000000000000     
  0.70399999999999996        12.457031318089390       -370.27576212427277        300.00000000000000     
  0.71999999999999997        11.979327535070281       -369.18176238952321        300.00000000000000     
  0.73599999999999999        11.529848114491172       -368.07622914938713        300.00000000000000     
  0.75200000000000000        11.106364962697992       -366.95952903844579        300.00000000000000     
  0.76800000000000002        10.706868292486396       -365.83202356032956        300.00000000000000     
  0.78400000000000003        10.329541246314772       -364.69406913275412        300.00000000000000     
  0.80000000000000004        9.9727379144948127       -363.54601712744761        300.00000000000000     
  0.81600000000000006        9.6349642369461481       -362.38821390575163        300.00000000000000     
  0.83200000000000007        9.3148613624305963       -361.22100085058787        300.00000000000000     
  0.84799999999999998        9.0111911089420751       -360.04471439540129        300.00000000000000     
  0.86399999999999999        8.7228232261948904       -358.85968605061811        300.00000000000000     
  0.88000000000000000        8.4487242083483185       -357.66624242809581        300.00000000000000     
  0.89600000000000002        8.1879474441478948       -356.46470526398440        300.00000000000000     
  0.91200000000000003        7.9396245240792540       -355.25539144036941        300.00000000000000     
  0.92800000000000005        7.7029575511379482       -354.03861300602364        300.00000000000000     
  0.94400000000000006        7.4772123243964161       -352.81467719655348        300.00000000000000     
  0.95999999999999996        7.2617122834849814       -351.58388645419268        300.00000000000000     
  0.97599999999999998        7.0558331180349052       -350.34653844746305        300.00000000000000     
  0.99199999999999999        6.8589979595751505       -349.10292609089521        300.00000000000000     
   1.0080000000000000        6.6706730847522548       -347.85333756497602        300.00000000000000     
   1.0240000000000000        6.4903640683991206       -346.59805633646721        300.00000000000000     
   1.0400000000000000        6.3176123331964362       -345.33736117922030        300.00000000000000     
   1.0560000000000000        6.1519920496825593       -344.07152619559275        300.00000000000000     
   1.0720000000000001        5.9931073463660800       -342.80082083855655        300.00000000000000     
   1.0880000000000001        5.8405897948394214       -341.52550993457288        300.00000000000000     
   1.1040000000000001        5.6940961392137135       -340.24585370729619        300.00000000000000     
   1.1200000000000001        5.5533062430051165       -338.96210780215665        300.00000000000000     
   1.1360000000000001        5.4179212298928530       -337.67452331186092        300.00000000000000     
   1.1520000000000001        5.2876617976165798       -336.38334680284089        300.00000000000000     
   1.1679999999999999        5.1622666867500522       -335.08882034267202        300.00000000000000     
   1.1839999999999999        5.0414912882341296       -333.79118152847389        300.00000000000000     
   1.2000000000000000        4.9251063754209037       -332.49066351630097        300.00000000000000     
   1.2160000000000000        4.8128969480110868       -331.18749505152294        300.00000000000000     
   1.2320000000000000        4.7046611766921096       -329.88190050019011        300.00000000000000     
   1.2480000000000000        4.6002094385323824       -328.57409988137408        300.00000000000000     
   1.2640000000000000        4.4993634342821700       -327.26430890046970        300.00000000000000     
   1.2800000000000000        4.4019553796937982       -325.95273898343947        300.00000000000000     
   1.2960000000000000        4.3078272638209851       -324.63959731198014        300.00000000000000     
   1.3120000000000001        4.2168301680040425       -323.32508685958624        300.00000000000000     
   1.3280000000000001        4.1288236399074050       -322.00940642848434        300.00000000000000     
   1.3440000000000001        4.0436751175594203       -320.69275068740836        300.00000000000000     
   1.3600000000000001        3.9612593988613631       -319.37531021018532        300.00000000000000     
   1.3760000000000001        3.8814581524912830       -318.05727151509893        300.00000000000000     
   1.3920000000000001        3.8041594665358165       -316.73881710499671        300.00000000000000     
   1.4079999999999999        3.7292574315457774       -315.42012550810574        300.00000000000000     
   1.4239999999999999        3.6566517550344031       -314.10137131952121        300.00000000000000     
   1.4399999999999999        3.5862474047254560       -312.78272524333107        300.00000000000000     
   1.4560000000000000        3.5179542781159232       -311.46435413533936        300.00000000000000     
   1.4720000000000000        3.4516868961484710       -310.14642104635129        300.00000000000000     
   1.4880000000000000        3.3873641189951793       -308.82908526598186        300.00000000000000     
   1.5040000000000000        3.3249088821391619       -307.51250236695063        300.00000000000000     
   1.5200000000000000        3.2642479511068374       -306.19682424982460        300.00000000000000     
   1.5360000000000000        3.2053116933530226       -304.88219918817293        300.00000000000000     
   1.5520000000000000        3.1480338659354126       -303.56877187409435        300.00000000000000     
   1.5680000000000001        3.0923514177362015       -302.25668346408258        300.00000000000000     
   1.5840000000000001        3.0382043050978091       -300.94607162519191        300.00000000000000     
   1.6000000000000001        2.9855353198383310       -299.63707058146821        300.00000000000000     
   1.6160000000000001        2.9342899287015496       -298.32981116060915        300.00000000000000     
   1.6320000000000001        2.8844161233769947       -297.02442084082071        300.00000000000000     
   1.6480000000000001        2.8358642802986336       -295.72102379783394        300.00000000000000     
   1.6640000000000001        2.7885870294970747       -294.41974095205120        300.00000000000000     
   1.6799999999999999        2.7425391318402763       -293.12069001578817        300.00000000000000     
   1.6960000000000000        2.6976773640523906       -291.82398554058040        300.00000000000000     
   1.7120000000000000        2.6539604109501003       -290.52973896452471        300.00000000000000     
   1.7280000000000000        2.6113487643809403       -289.23805865962430        300.00000000000000     
   1.7440000000000000        2.5698046283893738       -287.94904997910987        300.00000000000000     
   1.7600000000000000        2.5292918301738818       -286.66281530470866        300.00000000000000     
   1.7760000000000000        2.4897757364326227       -285.37945409383389        300.00000000000000     
   1.7920000000000000        2.4512231747265223       -284.09906292666909        300.00000000000000     
   1.8080000000000001        2.4136023595172600       -282.82173555312204        300.00000000000000     
   1.8240000000000001        2.3768828225637759       -281.54756293962413        300.00000000000000     
   1.8400000000000001        2.3410353473849219       -280.27663331575167        300.00000000000000     
   1.8560000000000001        2.3060319075178164       -279.00903222064733        300.00000000000000     
   1.8720000000000001        2.2718456083215899       -277.74484254921970        300.00000000000000     
   1.8880000000000001        2.2384506320947271       -276.48414459810124        300.00000000000000     
   1.9040000000000001        2.2058221862911416       -275.22701611134420        300.00000000000000     
   1.9199999999999999        2.1739364546357396       -273.97353232583657        300.00000000000000     
   1.9359999999999999        2.1427705509545825       -272.72376601642003        300.00000000000000     
   1.9520000000000000        2.1123024755479438       -271.47778754069299        300.00000000000000     
   1.9680000000000000        2.0825110739467347       -270.23566488348263        300.00000000000000     
   1.9840000000000000        2.0533759979039812       -268.99746370097108        300.00000000000000     
   2.0000000000000000        2.0248776684833603       -267.76324736446105        300.00000000000000     
   2.0160000000000000        1.9969972411163708       -266.53307700376746        300.00000000000000     
   2.0320000000000000        1.9697165725085077       -265.30701155022291        300.00000000000000     
   2.0480000000000000        1.9430181892829546       -264.08510777928382        300.00000000000000     
   2.0640000000000001        1.9168852582578519       -262.86742035272744        300.00000000000000     
   2.0800000000000001        1.8913015582601589       -261.65400186042854        300.00000000000000     
   2.0960000000000001        1.8662514533855712       -260.44490286170594        300.00000000000000     
   2.1120000000000001        1.8417198676199547       -259.24017192623046        300.00000000000000     
   2.1280000000000001        1.8176922607432766       -258.03985567448581        300.00000000000000     
   2.1440000000000001        1.7941546054421595       -256.84399881777404        300.00000000000000     
   2.1600000000000001        1.7710933655619627       -255.65264419775977        300.00000000000000     
   2.1760000000000002        1.7484954754337112       -254.46583282554604        300.00000000000000     
   2.1920000000000002        1.7263483202153103       -253.28360392027588        300.00000000000000     
   2.2080000000000002        1.7046397171903203       -252.10599494725500        300.00000000000000     
   2.2240000000000002        1.6833578979711055       -250.93304165559087        300.00000000000000     
   2.2400000000000002        1.6624914915564941       -249.76477811534349        300.00000000000000     
   2.2560000000000002        1.6420295081971681       -248.60123675418504        300.00000000000000     
   2.2720000000000002        1.6219613240248718       -247.44244839356537        300.00000000000000     
   2.2880000000000003        1.6022766664041981       -246.28844228438004        300.00000000000000     
   2.3040000000000003        1.5829655999682244       -245.13924614213957        300.00000000000000     
   2.3199999999999998        1.5640185133015829       -243.99488618163829        300.00000000000000     
   2.3359999999999999        1.5454261062367254       -242.85538715112091        300.00000000000000     
   2.3519999999999999        1.5271793777311908       -241.72077236594683        300.00000000000000     
   2.3679999999999999        1.5092696142955548       -240.59106374175147        300.00000000000000     
   2.3839999999999999        1.4916883789435338       -239.46628182710455        300.00000000000000     
   2.3999999999999999        1.4744275006373628       -238.34644583566580        300.00000000000000     
   2.4159999999999999        1.4574790642031275       -237.23157367783895        300.00000000000000     
   2.4319999999999999        1.4408354006921780       -236.12168199192496        300.00000000000000     
   2.4480000000000000        1.4244890781661057       -235.01678617477552        300.00000000000000     
   2.4640000000000000        1.4084328928840582       -233.91690041194934        300.00000000000000     
   2.4800000000000000        1.3926598608723399       -232.82203770737226        300.00000000000000     
   2.4960000000000000        1.3771632098573816       -231.73220991250403        300.00000000000000     
   2.5120000000000000        1.3619363715442041       -230.64742775501395        300.00000000000000     
   2.5280000000000000        1.3469729742234968       -229.56770086696832        300.00000000000000     
   2.5440000000000000        1.3322668356913432       -228.49303781253238        300.00000000000000     
   2.5600000000000001        1.3178119564665134       -227.42344611519007        300.00000000000000     
   2.5760000000000001        1.3036025132910460       -226.35893228448546        300.00000000000000     
   2.5920000000000001        1.2896328529006142       -225.29950184228827        300.00000000000000     
   2.6080000000000001        1.2758974860519008       -224.24515934858843        300.00000000000000     
   2.6240000000000001        1.2623910817948751       -223.19590842682305        300.00000000000000     
   2.6400000000000001        1.2491084619785102       -222.15175178873969        300.00000000000000     
   2.6560000000000001        1.2360445959790822       -221.11269125880085        300.00000000000000     
   2.6720000000000002        1.2231945956407586       -220.07872779813326        300.00000000000000     
   2.6880000000000002        1.2105537104187121       -219.04986152802684        300.00000000000000     
   2.7040000000000002        1.1981173227155135       -218.02609175298824        300.00000000000000     
   2.7200000000000002        1.1858809434020154       -217.00741698335298        300.00000000000000     
   2.7360000000000002        1.1738402075143968       -215.99383495746162        300.00000000000000     
   2.7520000000000002        1.1619908701194603       -214.98534266340445        300.00000000000000     
   2.7680000000000002        1.1503288023406690       -213.98193636034020        300.00000000000000     
   2.7840000000000003        1.1388499875377862       -212.98361159939302        300.00000000000000     
   2.8000000000000003        1.1275505176333427       -211.99036324413373        300.00000000000000     
   2.8159999999999998        1.1164265895794876       -211.00218549065011        300.00000000000000     
   2.8319999999999999        1.1054745019590908       -210.01907188721114        300.00000000000000     
   2.8479999999999999        1.0946906517152823       -209.04101535353135        300.00000000000000     
   2.8639999999999999        1.0840715310038751       -208.06800819963973        300.00000000000000     
   2.8799999999999999        1.0736137241634085       -207.10004214435912        300.00000000000000     
   2.8959999999999999        1.0633139047977833       -206.13710833340102        300.00000000000000     
   2.9119999999999999        1.0531688329667184       -205.17919735708168        300.00000000000000     
   2.9279999999999999        1.0431753524794734       -204.22629926766476        300.00000000000000     
   2.9440000000000000        1.0333303882875005       -203.27840359633555        300.00000000000000     
   2.9600000000000000        1.0236309439719016       -202.33549936981291        300.00000000000000     
   2.9760000000000000        1.0140740993217465       -201.39757512660393        300.00000000000000     
   2.9920000000000000        1.0046570079995021       -200.46461893290657        300.00000000000000     
   3.0080000000000000       0.99537689528999340       -199.53661839816635        300.00000000000000     
   3.0240000000000000       0.98623105592948157       -198.61356069029188        300.00000000000000     
   3.0400000000000000       0.97721685201160191       -197.69543255053497        300.00000000000000     
   3.0560000000000000       0.96833171096705351       -196.78222030804071        300.00000000000000     
   3.0720000000000001       0.95957312361407054       -195.87390989407228        300.00000000000000     
   3.0880000000000001       0.95093864227684899       -194.97048685591733        300.00000000000000     
   3.1040000000000001       0.94242587896921393       -194.07193637047928        300.00000000000000     
   3.1200000000000001       0.93403250364094825       -193.17824325756021        300.00000000000000     
   3.1360000000000001       0.92575624248431354       -192.28939199284034        300.00000000000000     
   3.1520000000000001       0.91759487629839920       -191.40536672055879        300.00000000000000     
   3.1680000000000001       0.90954623890904418       -190.52615126590140        300.00000000000000     
   3.1840000000000002       0.90160821564217886       -189.65172914710047        300.00000000000000     
   3.2000000000000002       0.89377874184851580       -188.78208358725141        300.00000000000000     
   3.2160000000000002       0.88605580147762053       -187.91719752585152        300.00000000000000     
   3.2320000000000002       0.87843742569947503       -187.05705363006609        300.00000000000000     
   3.2480000000000002       0.87092169157172128       -186.20163430572632        300.00000000000000     
   3.2640000000000002       0.86350672075085888       -185.35092170806402        300.00000000000000     
   3.2800000000000002       0.85619067824574013       -184.50489775218870        300.00000000000000     
   3.2960000000000003       0.84897177121177447       -183.66354412331077        300.00000000000000     
   3.3120000000000003       0.84184824778432210       -182.82684228671619        300.00000000000000     
   3.3280000000000003       0.83481839594982576       -181.99477349749753        300.00000000000000     
   3.3439999999999999       0.82788054245328013       -181.16731881004537        300.00000000000000     
   3.3599999999999999       0.82103305174070385       -180.34445908730501        300.00000000000000     
   3.3759999999999999       0.81427432493533458       -179.52617500980341        300.00000000000000     
   3.3919999999999999       0.80760279884631569       -178.71244708445022        300.00000000000000     
   3.4079999999999999       0.80101694500869591       -177.90325565311733        300.00000000000000     
   3.4239999999999999       0.79451526875361134       -177.09858090100187        300.00000000000000     
   3.4399999999999999       0.78809630830756849       -176.29840286477653        300.00000000000000     
   3.4560000000000000       0.78175863391978206       -175.50270144053155        300.00000000000000     
   3.4720000000000000       0.77550084701657152       -174.71145639151214        300.00000000000000     
   3.4880000000000000       0.76932157938185863       -173.92464735565679        300.00000000000000     
   3.5040000000000000       0.76321949236284203       -173.14225385293864        300.00000000000000     
   3.5200000000000000       0.75719327609996490       -172.36425529251545        300.00000000000000     
   3.5360000000000000       0.75124164878033051       -171.59063097969150        300.00000000000000     
   3.5520000000000000       0.74536335591374403       -170.82136012269527        300.00000000000000     
   3.5680000000000001       0.73955716963059825       -170.05642183927674        300.00000000000000     
   3.5840000000000001       0.73382188800085346       -169.29579516312859        300.00000000000000     
   3.6000000000000001       0.72815633437338145       -168.53945905013421        300.00000000000000     
   3.6160000000000001       0.72255935673497962       -167.78739238444655        300.00000000000000     
   3.6320000000000001       0.71702982708838847       -167.03957398440173        300.00000000000000     
   3.6480000000000001       0.71156664084866328       -166.29598260827052        300.00000000000000     
   3.6640000000000001       0.70616871625728350       -165.55659695985096        300.00000000000000     
   3.6800000000000002       0.70083499381340497       -164.82139569390637        300.00000000000000     
   3.6960000000000002       0.69556443572167936       -164.09035742145130        300.00000000000000     
   3.7120000000000002       0.69035602535608787       -163.36346071488899        300.00000000000000     
   3.7280000000000002       0.68520876673926379       -162.64068411300391        300.00000000000000     
   3.7440000000000002       0.68012168403678486       -161.92200612581206        300.00000000000000     
   3.7600000000000002       0.67509382106594840       -161.20740523927228        300.00000000000000     
   3.7760000000000002       0.67012424081855404       -160.49685991986217        300.00000000000000     
   3.7920000000000003       0.66521202499723542       -159.79034861902099        300.00000000000000     
   3.8080000000000003       0.66035627356490234       -159.08784977746268        300.00000000000000     
   3.8240000000000003       0.65555610430687061       -158.38934182936225        300.00000000000000     
   3.8399999999999999       0.65081065240526792       -157.69480320641796        300.00000000000000     
   3.8559999999999999       0.64611907002532498       -157.00421234179242        300.00000000000000     
   3.8719999999999999       0.64148052591317040       -156.31754767393514        300.00000000000000     
   3.8879999999999999       0.63689420500476612       -155.63478765028964        300.00000000000000     
   3.9039999999999999       0.63235930804562690       -154.95591073088710        300.00000000000000     
   3.9199999999999999       0.62787505122098553       -154.28089539182966        300.00000000000000     
   3.9359999999999999       0.62344066579607749       -153.60972012866620        300.00000000000000     
   3.9520000000000000       0.61905539776622465       -152.94236345966218        300.00000000000000     
   3.9680000000000000       0.61471850751641488       -152.27880392896674        300.00000000000000     
   3.9840000000000000       0.61042926949008414       -151.61902010967958        300.00000000000000     
   4.0000000000000000       0.60618697186681270       -150.96299060681923        300.00000000000000     
   4.0160000000000000       0.60199091624866397       -150.31069406019574        300.00000000000000     
   4.0320000000000000       0.59784041735490157       -149.66210914718982        300.00000000000000     
   4.0480000000000000       0.59373480272482504       -149.01721458544054        300.00000000000000     
   4.0640000000000001       0.58967341242848104       -148.37598913544394        300.00000000000000     
   4.0800000000000001       0.58565559878500906       -147.73841160306466        300.00000000000000     
   4.0960000000000001       0.58168072608839216       -147.10446084196261        300.00000000000000     
   4.1120000000000001       0.57774817034038894       -146.47411575593677        300.00000000000000     
   4.1280000000000001       0.57385731899043324       -145.84735530118826        300.00000000000000     
   4.1440000000000001       0.57000757068229269       -145.22415848850443        300.00000000000000     
   4.1600000000000001       0.56619833500728411       -144.60450438536591        300.00000000000000     
   4.1760000000000002       0.56242903226385432       -143.98837211797905        300.00000000000000     
   4.1920000000000002       0.55869909322333666       -143.37574087323449        300.00000000000000     
   4.2080000000000002       0.55500795890170040       -142.76658990059488        300.00000000000000     
   4.2240000000000002       0.55135508033712199       -142.16089851391291        300.00000000000000     
   4.2400000000000002       0.54773991837320379       -141.55864609318121        300.00000000000000     
   4.2560000000000002       0.54416194344767765       -140.95981208621620        300.00000000000000     
   4.2720000000000002       0.54062063538643723       -140.36437601027777        300.00000000000000     
   4.2880000000000003       0.53711548320274061       -139.77231745362539        300.00000000000000     
   4.3040000000000003       0.53364598490143766       -139.18361607701360        300.00000000000000     
   4.3200000000000003       0.53021164728807946       -138.59825161512737        300.00000000000000     
   4.3360000000000003       0.52681198578276656       -138.01620387795958        300.00000000000000     
   4.3520000000000003       0.52344652423860449       -137.43745275213126        300.00000000000000     
   4.3680000000000003       0.52011479476463640       -136.86197820215733        300.00000000000000     
   4.3840000000000003       0.51681633755312328       -136.28976027165791        300.00000000000000     
   4.4000000000000004       0.51355070071105346       -135.72077908451740        300.00000000000000     
   4.4160000000000004       0.51031744009576041       -135.15501484599267        300.00000000000000     
   4.4320000000000004       0.50711611915453492       -134.59244784377145        300.00000000000000     
   4.4480000000000004       0.50394630876812052       -134.03305844898199        300.00000000000000     
   4.4640000000000004       0.50080758709798545       -133.47682711715623        300.00000000000000     
   4.4800000000000004       0.49769953943726530       -132.92373438914652        300.00000000000000     
   4.4960000000000004       0.49462175806527586       -132.37376089199790        300.00000000000000     
   4.5120000000000005       0.49157384210550031       -131.82688733977702        300.00000000000000     
   4.5280000000000005       0.48855539738695253       -131.28309453435858        300.00000000000000     
   4.5440000000000005       0.48556603630882644       -130.74236336617074        300.00000000000000     
   4.5600000000000005       0.48260537770834339       -130.20467481490036        300.00000000000000     
   4.5760000000000005       0.47967304673170857       -129.67000995015948        300.00000000000000     
   4.5920000000000005       0.47676867470809420       -129.13834993211373        300.00000000000000     
   4.6080000000000005       0.47389189902656864       -128.60967601207398        300.00000000000000     
   4.6239999999999997       0.47104236301589208       -128.08396953305234        300.00000000000000     
   4.6399999999999997       0.46821971582710054       -127.56121193028270        300.00000000000000     
   4.6559999999999997       0.46542361231880935       -127.04138473170839        300.00000000000000     
   4.6719999999999997       0.46265371294515717       -126.52446955843595        300.00000000000000     
   4.6879999999999997       0.45990968364632689       -126.01044812515764        300.00000000000000     
   4.7039999999999997       0.45719119574157197       -125.49930224054231        300.00000000000000     
   4.7199999999999998       0.45449792582468396       -124.99101380759653        300.00000000000000     
   4.7359999999999998       0.45182955566183780       -124.48556482399607        300.00000000000000     
   4.7519999999999998       0.44918577209175181       -123.98293738238901        300.00000000000000     
   4.7679999999999998       0.44656626692810314       -123.48311367067106        300.00000000000000     
   4.7839999999999998       0.44397073686414079       -122.98607597223427        300.00000000000000     
   4.7999999999999998       0.44139888337943844       -122.49180666618935        300.00000000000000     
   4.8159999999999998       0.43885041264873231       -122.00028822756273        300.00000000000000     
   4.8319999999999999       0.43632503545279239       -121.51150322746932        300.00000000000000     
   4.8479999999999999       0.43382246709127259       -121.02543433326096        300.00000000000000     
   4.8639999999999999       0.43134242729749106       -120.54206430865214        300.00000000000000     
   4.8799999999999999       0.42888464015509192       -120.06137601382308        300.00000000000000     
   4.8959999999999999       0.42644883401654005       -119.58335240550107        300.00000000000000     
   4.9119999999999999       0.42403474142340231       -119.10797653702068        300.00000000000000     
   4.9279999999999999       0.42164209902837302       -118.63523155836369        300.00000000000000     
   4.9440000000000000       0.41927064751899662       -118.16510071617887        300.00000000000000     
   4.9600000000000000       0.41692013154304680       -117.69756735378293        300.00000000000000     
   4.9760000000000000       0.41459029963552213       -117.23261491114251        300.00000000000000     
   4.9920000000000000       0.41228090414721580       -116.77022692483840        300.00000000000000     
   5.0080000000000000       0.40999170117482159       -116.31038702801206        300.00000000000000     
   5.0240000000000000       0.40772245049253941       -115.85307895029561        300.00000000000000     
   5.0400000000000000       0.40547291548514142       -115.39828651772494        300.00000000000000     
   5.0560000000000000       0.40324286308246465       -114.94599365263750        300.00000000000000     
   5.0720000000000001       0.40103206369529470       -114.49618437355441        300.00000000000000     
   5.0880000000000001       0.39884029115260722       -114.04884279504800        300.00000000000000     
   5.1040000000000001       0.39666732264013238       -113.60395312759482        300.00000000000000     
   5.1200000000000001       0.39451293864021414       -113.16149967741501        300.00000000000000     
   5.1360000000000001       0.39237692287292880       -112.72146684629818        300.00000000000000     
   5.1520000000000001       0.39025906223843537       -112.28383913141630        300.00000000000000     
   5.1680000000000001       0.38815914676052793       -111.84860112512429        300.00000000000000     
   5.1840000000000002       0.38607696953136023       -111.41573751474851        300.00000000000000     
   5.2000000000000002       0.38401232665731549       -110.98523308236338        300.00000000000000     
   5.2160000000000002       0.38196501720599441       -110.55707270455720        300.00000000000000     
   5.2320000000000002       0.37993484315429438       -110.13124135218689        300.00000000000000     
   5.2480000000000002       0.37792160933755375       -109.70772409012220        300.00000000000000     
   5.2640000000000002       0.37592512339973827       -109.28650607698026        300.00000000000000     
   5.2800000000000002       0.37394519574464219       -108.86757256485001        300.00000000000000     
   5.2960000000000003       0.37198163948808288       -108.45090889900759        300.00000000000000     
   5.3120000000000003       0.37003427041106463       -108.03650051762273        300.00000000000000     
   5.3280000000000003       0.36810290691388947       -107.62433295145638        300.00000000000000     
   5.3440000000000003       0.36618736997119244       -107.21439182355022        300.00000000000000     
   5.3600000000000003       0.36428748308788145       -106.80666284890796        300.00000000000000     
   5.3760000000000003       0.36240307225595925       -106.40113183416938        300.00000000000000     
   5.3920000000000003       0.36053396591220815       -105.99778467727648        300.00000000000000     
   5.4080000000000004       0.35867999489671798       -105.59660736713315        300.00000000000000     
   5.4240000000000004       0.35684099241223732       -105.19758598325762        300.00000000000000     
   5.4400000000000004       0.35501679398432961       -104.80070669542869        300.00000000000000     
   5.4560000000000004       0.35320723742231624       -104.40595576332568        300.00000000000000     
   5.4720000000000004       0.35141216278098858       -104.01331953616251        300.00000000000000     
   5.4880000000000004       0.34963141232307077       -103.62278445231594        300.00000000000000     
   5.5040000000000004       0.34786483048241829       -103.23433703894862        300.00000000000000     
   5.5200000000000005       0.34611226382793420       -102.84796391162683        300.00000000000000     
   5.5360000000000005       0.34437356102818700       -102.46365177393328        300.00000000000000     
   5.5520000000000005       0.34264857281671612       -102.08138741707532        300.00000000000000     
   5.5680000000000005       0.34093715195800778       -101.70115771948853        300.00000000000000     
   5.5840000000000005       0.33923915321412745       -101.32294964643626        300.00000000000000     
   5.6000000000000005       0.33755443331199442       -100.94675024960493        300.00000000000000     
   5.6160000000000005       0.33588285091128400       -100.57254666669570        300.00000000000000     
   5.6319999999999997       0.33422426657294330       -100.20032612101227        300.00000000000000     
   5.6479999999999997       0.33257854272830811       -99.830075921045562        300.00000000000000     
   5.6639999999999997       0.33094554364880685       -99.461783460054960        300.00000000000000     
   5.6799999999999997       0.32932513541623920       -99.095436215646572        300.00000000000000     
   5.6959999999999997       0.32771718589361676       -98.731021749348685        300.00000000000000     
   5.7119999999999997       0.32612156469655346       -98.368527706184281        300.00000000000000     
   5.7279999999999998       0.32453814316519475       -98.007941814241505        300.00000000000000     
   5.7439999999999998       0.32296679433667258       -97.649251884241323        300.00000000000000     
   5.7599999999999998       0.32140739291807552       -97.292445809103199        300.00000000000000     
   5.7759999999999998       0.31985981525992357       -96.937511563508806        300.00000000000000     
   5.7919999999999998       0.31832393933013609       -96.584437203463722        300.00000000000000     
   5.8079999999999998       0.31679964468848198       -96.233210865857401        300.00000000000000     
   5.8239999999999998       0.31528681246150375       -95.883820768021778        300.00000000000000     
   5.8399999999999999       0.31378532531790282       -95.536255207288050        300.00000000000000     
   5.8559999999999999       0.31229506744437852       -95.190502560542498        300.00000000000000     
   5.8719999999999999       0.31081592452191009       -94.846551283780911        300.00000000000000     
   5.8879999999999999       0.30934778370247268       -94.504389911662074        300.00000000000000     
   5.9039999999999999       0.30789053358617785       -94.164007057060246        300.00000000000000     
   5.9199999999999999       0.30644406419883091       -93.825391410616859        300.00000000000000     
   5.9359999999999999       0.30500826696989486       -93.488531740291592        300.00000000000000     
   5.9520000000000000       0.30358303471085291       -93.153416890912681        300.00000000000000     
   5.9680000000000000       0.30216826159396298       -92.820035783726979        300.00000000000000     
   5.9840000000000000       0.30076384313139309       -92.488377415949515        300.00000000000000     
   6.0000000000000000       0.29936967615473214       -92.158430860312762        300.00000000000000     
   6.0160000000000000       0.29798565879486805       -91.830185264615878        300.00000000000000     
   6.0320000000000000       0.29661169046222402       -91.503629851273686        300.00000000000000     
   6.0480000000000000       0.29524767182734846       -91.178753916865958        300.00000000000000     
   6.0640000000000001       0.29389350480184806       -90.855546831686453        300.00000000000000     
   6.0800000000000001       0.29254909251966010       -90.533998039292371        300.00000000000000     
   6.0960000000000001       0.29121433931865537       -90.214097056054257        300.00000000000000     
   6.1120000000000001       0.28988915072256455       -89.895833470705810        300.00000000000000     
   6.1280000000000001       0.28857343342322334       -89.579196943894573        300.00000000000000     
   6.1440000000000001       0.28726709526312910       -89.264177207732970        300.00000000000000     
   6.1600000000000001       0.28597004521830099       -88.950764065349873        300.00000000000000     
   6.1760000000000002       0.28468219338144096       -88.638947390442937        300.00000000000000     
   6.1920000000000002       0.28340345094538688       -88.328717126831734        300.00000000000000     
   6.2080000000000002       0.28213373018685239       -88.020063288011457        300.00000000000000     
   6.2240000000000002       0.28087294445044908       -87.712975956707695        300.00000000000000     
   6.2400000000000002       0.27962100813298435       -87.407445284432157        300.00000000000000     
   6.2560000000000002       0.27837783666802901       -87.103461491039155        300.00000000000000     
   6.2720000000000002       0.27714334651075062       -86.801014864283360        300.00000000000000     
   6.2880000000000003       0.27591745512300703       -86.500095759378638        300.00000000000000     
   6.3040000000000003       0.27470008095869330       -86.200694598557874        300.00000000000000     
   6.3200000000000003       0.27349114344933984       -85.902801870634121        300.00000000000000     
   6.3360000000000003       0.27229056298995524       -85.606408130563167        300.00000000000000     
   6.3520000000000003       0.27109826092510791       -85.311503999006987        300.00000000000000     
   6.3680000000000003       0.26991415953524500       -85.018080161898951        300.00000000000000     
   6.3840000000000003       0.26873818202324129       -84.726127370010346        300.00000000000000     
   6.4000000000000004       0.26757025250117417       -84.435636438518046        300.00000000000000     
   6.4160000000000004       0.26641029597732141       -84.146598246574030        300.00000000000000     
   6.4320000000000004       0.26525823834337692       -83.859003736876303        300.00000000000000     
   6.4480000000000004       0.26411400636187882       -83.572843915241208        300.00000000000000     
   6.4640000000000004       0.26297752765384841       -83.288109850177548        300.00000000000000     
   6.4800000000000004       0.26184873068663439       -83.004792672462258        300.00000000000000     
   6.4960000000000004       0.26072754476195775       -82.722883574717684        300.00000000000000     
   6.5120000000000005       0.25961390000415574       -82.442373810990560        300.00000000000000     
   6.5280000000000005       0.25850772734861938       -82.163254696332942        300.00000000000000     
   6.5440000000000005       0.25740895853042067       -81.885517606384425        300.00000000000000     
   6.5600000000000005       0.25631752607312769       -81.609153976956605        300.00000000000000     
   6.5760000000000005       0.25523336327780249       -81.334155303619170        300.00000000000000     
   6.5920000000000005       0.25415640421217833       -81.060513141287629        300.00000000000000     
   6.6080000000000005       0.25308658370001391       -80.788219103813262        300.00000000000000     
   6.6240000000000006       0.25202383731062122       -80.517264863574738        300.00000000000000     
   6.6400000000000006       0.25096810134856207       -80.247642151071560        300.00000000000000     
   6.6560000000000006       0.24991931284351232       -79.979342754519635        300.00000000000000     
   6.6719999999999997       0.24887740954028995       -79.712358519448713        300.00000000000000     
   6.6879999999999997       0.24784232988904248       -79.446681348301581        300.00000000000000     
   6.7039999999999997       0.24681401303559417       -79.182303200035690        300.00000000000000     
   6.7199999999999998       0.24579239881194598       -78.919216089726262        300.00000000000000     
   6.7359999999999998       0.24477742772692848       -78.657412088171711        300.00000000000000     
   6.7519999999999998       0.24376904095700427       -78.396883321501193        300.00000000000000     
   6.7679999999999998       0.24276718033721559       -78.137621970783783        300.00000000000000     
   6.7839999999999998       0.24177178835227683       -77.879620271640078        300.00000000000000     
   6.7999999999999998       0.24078280812780806       -77.622870513855801        300.00000000000000     
   6.8159999999999998       0.23980018342170623       -77.367365040997242        300.00000000000000     
   6.8319999999999999       0.23882385861565339       -77.113096250029130        300.00000000000000     
   6.8479999999999999       0.23785377870675864       -76.860056590934406        300.00000000000000     
   6.8639999999999999       0.23688988929933003       -76.608238566336013        300.00000000000000     
   6.8799999999999999       0.23593213659677673       -76.357634731121053        300.00000000000000     
   6.8959999999999999       0.23498046739363718       -76.108237692066950        300.00000000000000     
   6.9119999999999999       0.23403482906773099       -75.860040107469544        300.00000000000000     
   6.9279999999999999       0.23309516957243376       -75.613034686773688        300.00000000000000     
   6.9440000000000000       0.23216143742907150       -75.367214190205729        300.00000000000000     
   6.9600000000000000       0.23123358171943229       -75.122571428408193        300.00000000000000     
   6.9760000000000000       0.23031155207839410       -74.879099262076636        300.00000000000000     
   6.9920000000000000       0.22939529868666653       -74.636790601598690        300.00000000000000     
   7.0080000000000000       0.22848477226364308       -74.395638406695156        300.00000000000000     
   7.0240000000000000       0.22757992406036412       -74.155635686063334        300.00000000000000     
   7.0400000000000000       0.22668070585258718       -73.916775497022570        300.00000000000000     
   7.0560000000000000       0.22578706993396278       -73.679050945161848        300.00000000000000     
   7.0720000000000001       0.22489896910931459       -73.442455183989551        300.00000000000000     
   7.0880000000000001       0.22401635668802194       -73.206981414585584        300.00000000000000     
   7.1040000000000001       0.22313918647750192       -72.972622885255348        300.00000000000000     
   7.1200000000000001       0.22226741277679082       -72.739372891186150        300.00000000000000     
   7.1360000000000001       0.22140099037022251       -72.507224774105680        300.00000000000000     
   7.1520000000000001       0.22053987452120141       -72.276171921942563        300.00000000000000     
   7.1680000000000001       0.21968402096606962       -72.046207768489253        300.00000000000000     
   7.1840000000000002       0.21883338590806622       -71.817325793066956        300.00000000000000     
   7.2000000000000002       0.21798792601137607       -71.589519520192695        300.00000000000000     
   7.2160000000000002       0.21714759839526837       -71.362782519248668        300.00000000000000     
   7.2320000000000002       0.21631236062832243       -71.137108404153636        300.00000000000000     
   7.2480000000000002       0.21548217072273865       -70.912490833036458        300.00000000000000     
   7.2640000000000002       0.21465698712873446       -70.688923507911852        300.00000000000000     
   7.2800000000000002       0.21383676872902341       -70.466400174358299        300.00000000000000     
   7.2960000000000003       0.21302147483337494       -70.244914621197907        300.00000000000000     
   7.3120000000000003       0.21221106517325508       -70.024460680178620        300.00000000000000     
   7.3280000000000003       0.21140549989654589       -69.805032225658522        300.00000000000000     
   7.3440000000000003       0.21060473956234183       -69.586623174292114        300.00000000000000     
   7.3600000000000003       0.20980874513582279       -69.369227484718820        300.00000000000000     
   7.3760000000000003       0.20901747798320222       -69.152839157253695        300.00000000000000     
   7.3920000000000003       0.20823089986674817       -68.937452233579947        300.00000000000000     
   7.4080000000000004       0.20744897293987727       -68.723060796443875        300.00000000000000     
   7.4240000000000004       0.20667165974232010       -68.509658969351776        300.00000000000000     
   7.4400000000000004       0.20589892319535594       -68.297240916268819        300.00000000000000     
   7.4560000000000004       0.20513072659711681       -68.085800841320136        300.00000000000000     
   7.4720000000000004       0.20436703361795949       -67.875332988494037        300.00000000000000     
   7.4880000000000004       0.20360780829590336       -67.665831641347083        300.00000000000000     
   7.5040000000000004       0.20285301503213440       -67.457291122711339        300.00000000000000     
   7.5200000000000005       0.20210261858657366       -67.249705794403795        300.00000000000000     
   7.5360000000000005       0.20135658407350840       -67.043070056937509        300.00000000000000     
   7.5520000000000005       0.20061487695728625       -66.837378349235109        300.00000000000000     
   7.5680000000000005       0.19987746304807064       -66.632625148344147        300.00000000000000     
   7.5840000000000005       0.19914430849765596       -66.428804969154470        300.00000000000000     
   7.6000000000000005       0.19841537979534263       -66.225912364117590        300.00000000000000     
   7.6160000000000005       0.19769064376387055       -66.023941922968234        300.00000000000000     
   7.6320000000000006       0.19697006755540930       -65.822888272447571        300.00000000000000     
   7.6480000000000006       0.19625361864760565       -65.622746076028676        300.00000000000000     
   7.6640000000000006       0.19554126483968631       -65.423510033643893        300.00000000000000     
   7.6799999999999997       0.19483297424861504       -65.225174881414063        300.00000000000000     
   7.6959999999999997       0.19412871530530407       -65.027735391379807        300.00000000000000     
   7.7119999999999997       0.19342845675087825       -64.831186371234793        300.00000000000000     
   7.7279999999999998       0.19273216763299120       -64.635522664060730        300.00000000000000     
   7.7439999999999998       0.19203981730219308       -64.440739148064623        300.00000000000000     
   7.7599999999999998       0.19135137540834812       -64.246830736317563        300.00000000000000     
   7.7759999999999998       0.19066681189710244       -64.053792376495622        300.00000000000000     
   7.7919999999999998       0.18998609700640059       -63.861619050622814        300.00000000000000     
   7.8079999999999998       0.18930920126304987       -63.670305774815475        300.00000000000000     
   7.8239999999999998       0.18863609547933208       -63.479847599028950        300.00000000000000     
   7.8399999999999999       0.18796675074966232       -63.290239606806011        300.00000000000000     
   7.8559999999999999       0.18730113844729279       -63.101476915026993        300.00000000000000     
   7.8719999999999999       0.18663923022106232       -62.913554673661942        300.00000000000000     
   7.8879999999999999       0.18598099799219023       -62.726468065524585        300.00000000000000     
   7.9039999999999999       0.18532641395111357       -62.540212306027961        300.00000000000000     
   7.9199999999999999       0.18467545055436771       -62.354782642942084        300.00000000000000     
   7.9359999999999999       0.18402808052150943       -62.170174356153304        300.00000000000000     
   7.9520000000000000       0.18338427683208103       -61.986382757425382        300.00000000000000     
   7.9680000000000000       0.18274401272261623       -61.803403190162463        300.00000000000000     
   7.9840000000000000       0.18210726168368627       -61.621231029173856        300.00000000000000     
   8.0000000000000000       0.18147399745698548       -61.439861680440409        300.00000000000000     
